========== Configuração: |V| = 15, |E| = 30 ==========
Distância média para o ótimo: 1.03081
Maior distância para o ótimo: 1.25

Número de vértices = 15
4 6
5 7 10 12 14
5 7 12 13
1 7 10 12 14
2 3 7 11 15
1 9
2 3 4 5 9
9 13
6 7 8 10 13 14
2 4 9 12 15
5 12 13 14
2 3 4 10 11 13
3 8 9 11 12
2 4 9 11 15
5 10 14
Solução Gulosa: {1, 2, 3, 4, 5, 9, 10, 12, 13, 14}
Solução Ótima: {1, 5, 7, 9, 10, 12, 13, 14}

Número de vértices = 15
8 9
7 9 10 11 12 13
10 11 12 13
9 10 12 15
8 10
7 9 11 15
2 6 8 9 10 11 13 15
1 5 7 13
1 2 4 6 7
2 3 4 5 7
2 3 6 7 14 15
2 3 4
2 3 7 8 15
11
4 6 7 11 13
Solução Gulosa: {1, 2, 3, 4, 5, 6, 7, 8, 11, 13}
Solução Ótima: {7, 8, 9, 10, 11, 12, 13, 15}

Número de vértices = 15
11 13
4 6 12 14
5 8 9 12 13
2 7 14 15
3 8 10 11
2 7 11 15
4 6 11 15
3 5 9 14
3 8 10 12 14
5 9 12
1 5 6 7 12 14
2 3 9 10 11 15
1 3
2 4 8 9 11
4 6 7 12
Solução Gulosa: {1, 2, 3, 4, 5, 6, 8, 9, 10, 11, 15}
Solução Ótima: {1, 3, 4, 5, 6, 7, 9, 12, 14}

========== Configuração: |V| = 15, |E| = 45 ==========
Distância média para o ótimo: 1.02475
Maior distância para o ótimo: 1.22222

Número de vértices = 15
4 6 8 9 10 11 12 15
4 5 11 12 15
10 11 13
1 2 5 6 8 9 10 11 12 13 15
2 4 6 8 9 11 13 14
1 4 5 8 11 12 14 15
8 14
1 4 5 6 7 10
1 4 5 11
1 3 4 8
1 2 3 4 5 6 9 13 14 15
1 2 4 6 14
3 4 5 11 15
5 6 7 11 12
1 2 4 6 11 13
Solução Gulosa: {1, 2, 3, 4, 5, 6, 7, 8, 11, 12, 13}
Solução Ótima: {1, 3, 4, 5, 8, 11, 12, 14, 15}

Número de vértices = 15
3 10 12 13 15
3 5 7 8 9 11
1 2 8 10 11
7 9 10 12 14 15
2 9 12 13 14 15
9 13 15
2 4 8 9 11 12 15
2 3 7 9 15
2 4 5 6 7 8 12 13 14
1 3 4 11
2 3 7 10 12 14 15
1 4 5 7 9 11 14 15
1 5 6 9 15
4 5 9 11 12
1 4 5 6 7 8 11 12 13
Solução Gulosa: {1, 2, 3, 4, 5, 6, 7, 9, 11, 12, 15}
Solução Ótima: {2, 3, 7, 9, 10, 12, 13, 14, 15}

Número de vértices = 15
2 3 6 8
1 4 5 6 7 8 11 13 14 15
1 4 5 7 10 11 13 14 15
2 3 8 10 13 14
2 3 10 13
1 2 7 8 9 11 13 15
2 3 6 8
1 2 4 6 7 11 12 15
6 12 13 14
3 4 5 13
2 3 6 8 12 13
8 9 11 13 15
2 3 4 5 6 9 10 11 12
2 3 4 9
2 3 6 8 12
Solução Gulosa: {2, 3, 4, 5, 6, 8, 9, 12, 13}
Solução Ótima: {2, 3, 6, 8, 10, 12, 13, 14}

========== Configuração: |V| = 15, |E| = 45 ==========
Distância média para o ótimo: 1.029
Maior distância para o ótimo: 1.22222

Número de vértices = 15
3 4 6 8 10 13 14 15
3 5 8 14 15
1 2 7 8 9 11 12 13
1 6 8 10 11 14
2 6 10 12 13
1 4 5 7 8 12
3 6 13
1 2 3 4 6 9 13 14
3 8 10 15
1 4 5 9 11 12 14 15
3 4 10 13 14
3 5 6 10 15
1 3 5 7 8 11 15
1 2 4 8 10 11
1 2 9 10 12 13
Solução Gulosa: {1, 2, 3, 4, 5, 6, 7, 8, 10, 11, 15}
Solução Ótima: {3, 4, 5, 6, 8, 10, 13, 14, 15}

Número de vértices = 15
4 7 15
3 4 6 7 8 9 10 12 14 15
2 6 7 8 10 13 14
1 2 7 8 11 13 14
7 11 12 13
2 3 7 10 14
1 2 3 4 5 6 11 12
2 3 4 10 12 14 15
2 12 15
2 3 6 8 13
4 5 7 12 14
2 5 7 8 9 11 14
3 4 5 10 14
2 3 4 6 8 11 12 13 15
1 2 8 9 14
Solução Gulosa: {1, 2, 3, 5, 6, 7, 8, 9, 11, 13, 14}
Solução Ótima: {2, 3, 4, 5, 7, 10, 12, 14, 15}

Número de vértices = 15
3 6 9 11 12 13 14 15
5 8 12 13 14 15
1 5 6 9 11 12 13
7 8 9 12 13 14
2 3 11 15
1 3 10 11 12 13 14
4 9 12 13 14
2 4 15
1 3 4 7 10 14 15
6 9
1 3 5 6 12 13 15
1 2 3 4 6 7 11
1 2 3 4 6 7 11 15
1 2 4 6 7 9
1 2 5 8 9 11 13
Solução Gulosa: {1, 2, 4, 5, 6, 7, 8, 9, 11, 12, 13}
Solução Ótima: {1, 2, 3, 4, 6, 7, 9, 11, 15}

========== Configuração: |V| = 15, |E| = 57 ==========
Distância média para o ótimo: 1.02354
Maior distância para o ótimo: 1.22222

Número de vértices = 15
3 4 7 10 12
3 4 5 7 8 10 11 12 13
1 2 5 7 8 9 10 11 13 14 15
1 2 6 8 10 12 13 14 15
2 3 6 7 8 10 11 12 13 15
4 5 7 10 11 12 13
1 2 3 5 6 13 15
2 3 4 5 9 11 14 15
3 8 10 13
1 2 3 4 5 6 9 11 12 13 14
2 3 5 6 8 10 12 14
1 2 4 5 6 10 11
2 3 4 5 6 7 9 10 14
3 4 8 10 11 13
3 4 5 7 8
Solução Gulosa: {1, 2, 3, 4, 5, 6, 7, 8, 10, 11, 13}
Solução Ótima: {3, 4, 5, 7, 8, 10, 11, 12, 13}

Número de vértices = 15
2 3 5 6 7 8 11 14 15
1 5 6 10 11 12 15
1 5 6 9 10 11 13 14 15
5 6 9 10 11 13
1 2 3 4 11 13 14
1 2 3 4 8 9 12 14
1 9 11 12 13 14 15
1 6 9 10 12 13 14
3 4 6 7 8 10 12 14 15
2 3 4 8 9 11 14 15
1 2 3 4 5 7 10 14 15
2 6 7 8 9 14 15
3 4 5 7 8
1 3 5 6 7 8 9 10 11 12
1 2 3 7 9 10 11 12
Solução Gulosa: {1, 2, 3, 4, 5, 7, 8, 9, 10, 11, 12, 14}
Solução Ótima: {1, 5, 6, 9, 10, 11, 12, 13, 14, 15}

Número de vértices = 15
2 3 4 5 9 10 13 14
1 3 5 6 7 8 9 10 11 13 14
1 2 5 7 8 9 15
1 5 6 11 12 15
1 2 3 4 6 10 11 12 13 14
2 4 5 8 9 10 12 13 15
2 3 8 9 13 14
2 3 6 7 13 14 15
1 2 3 6 7 10 11 13
1 2 5 6 9 12 13 15
2 4 5 9 14
4 5 6 10 13
1 2 5 6 7 8 9 10 12 14 15
1 2 5 7 8 11 13 15
3 4 6 8 10 13 14
Solução Gulosa: {1, 2, 4, 5, 6, 7, 8, 9, 10, 11, 13, 15}
Solução Ótima: {2, 3, 4, 5, 6, 8, 9, 10, 13, 14}

========== Configuração: |V| = 20, |E| = 40 ==========
Distância média para o ótimo: 1.04044
Maior distância para o ótimo: 1.2

Número de vértices = 20
2 4 9 12 20
1 5 6 8 12 18 20
11 14 17
1 18
2 7 11 19
2 7 10 20
5 6 8 10 11 12 20
2 7 18
1 20
6 7 12
3 5 7 12 16
1 2 7 10 11 13
12 14 16
3 13 19
19
11 13 18 19 20
3 19
2 4 8 16
5 14 15 16 17
1 2 6 7 9 16
Solução Gulosa: {1, 2, 3, 5, 6, 7, 9, 12, 13, 16, 18, 19}
Solução Ótima: {1, 2, 3, 7, 10, 11, 13, 18, 19, 20}

Número de vértices = 20
5 7 9 14 15 16 19 20
5 18
6 11 12 15 20
5 6 12
1 2 4 7 12
3 4 7 10 16 17 18 19
1 5 6 10 13
13 14 15 18
1 20
6 7 12 18
3 18 20
3 4 5 10
7 8
1 8 17
1 3 8 17
1 6
6 14 15 19
2 6 8 10 11
1 6 17
1 3 9 11
Solução Gulosa: {1, 2, 3, 4, 5, 6, 7, 8, 9, 10, 11, 17}
Solução Ótima: {1, 3, 5, 6, 7, 8, 12, 17, 18, 20}

Número de vértices = 20
4 8 10 13
7 9 12 17
5 9
1 12 15 16
3 11 16 18 20
9 17
2 9 11
1 18
2 3 6 7 12 13 14 16 18
1
5 7 12 15 16
2 4 9 11 13 16 17 20
1 9 12 16 18 20
9
4 11 16 19
4 5 9 11 12 13 15
2 6 12
5 8 9 13
15 20
5 12 13 19
Solução Gulosa: {1, 2, 4, 5, 6, 8, 9, 11, 12, 13, 15, 19}
Solução Ótima: {1, 5, 7, 9, 12, 15, 16, 17, 18, 20}

========== Configuração: |V| = 20, |E| = 60 ==========
Distância média para o ótimo: 1.03592
Maior distância para o ótimo: 1.25

Número de vértices = 20
5 6 7 9 11 13 16 17
3 6 8 15 17 19
2 8 9 13 14
7 9 13 14 17 20
1 10 14 15
1 2 7 9 10 11 15
1 4 6 8 9 12 18 20
2 3 7 9 11 12 16 17
1 3 4 6 7 8 15 19
5 6 14 19 20
1 6 8 13 17 19 20
7 8 13 14
1 3 4 11 12 14 19
3 4 5 10 12 13 17 20
2 5 6 9
1 8 17
1 2 4 8 11 14 16
7 19
2 9 10 11 13 18 20
4 7 10 11 14 19
Solução Gulosa: {1, 2, 3, 4, 5, 6, 7, 8, 9, 10, 11, 12, 14, 16, 19}
Solução Ótima: {1, 2, 5, 6, 7, 8, 9, 13, 14, 17, 19, 20}

Número de vértices = 20
12 15 16 17 18
3 4 6 7 8 9 10 14 18
2 8 9 12
2 9 10 13 15 17
6 13 14 15 17
2 5 7 11
2 6 8 10 13 14 15 17
2 3 7 14 18 19
2 3 4 12 16 17 18
2 4 7 11 13 19
6 10 14 18
1 3 9 13 14 17 18 20
4 5 7 10 12 16 20
2 5 7 8 11 12 16 17 18 19 20
1 4 5 7 16
1 9 13 14 15 20
1 4 5 7 9 12 14
1 2 8 9 11 12 14
8 10 14
12 13 14 16
Solução Gulosa: {1, 2, 3, 4, 5, 6, 7, 8, 9, 10, 12, 13, 14, 16, 18}
Solução Ótima: {2, 6, 8, 9, 10, 12, 13, 14, 15, 16, 17, 18}

Número de vértices = 20
3 9 11 16 17
3 6 10 12 18
1 2 4 6 10 12 17 19 20
3 7 11
12 16 20
2 3 11 12 16 20
4 12 13 15
9 10 13 14 18 19 20
1 8 10 12 13 14 15 16 17 18
2 3 8 9 12 20
1 4 6 13
2 3 5 6 7 9 10 15 18 19
7 8 9 11 14 15 16 17
8 9 13 18 20
7 9 12 13
1 5 6 9 13 19
1 3 9 13 18 19
2 8 9 12 14 17 19
3 8 12 16 17 18
3 5 6 8 10 14
Solução Gulosa: {1, 2, 3, 4, 6, 7, 8, 9, 12, 13, 16, 17, 18, 20}
Solução Ótima: {2, 3, 7, 8, 9, 11, 12, 13, 16, 17, 18, 20}

========== Configuração: |V| = 20, |E| = 80 ==========
Distância média para o ótimo: 1.0283
Maior distância para o ótimo: 1.15385

Número de vértices = 20
3 6 9 10 13 15 17 18 20
6 13 14 15 18 19
1 10 13 17
6 7 9 10 11 15 17 18 20
7 8 16 18 19 20
1 2 4 9 10 13 15 20
4 5 8 9 10 14 15 18 20
5 7 11 13 14 17
1 4 6 7 10 11 12 13 14 16 18
1 3 4 6 7 9 12 13 15 19
4 8 9 18 20
9 10 14 16 17 19 20
1 2 3 6 8 9 10 14 16 17 18 19
2 7 8 9 12 13 15 16 17 19
1 2 4 6 7 10 14 17
5 9 12 13 14 17
1 3 4 8 12 13 14 15 16 18 19
1 2 4 5 7 9 11 13 17
2 5 10 12 13 14 17
1 4 5 6 7 11 12
Solução Gulosa: {1, 2, 5, 6, 7, 9, 10, 11, 12, 13, 14, 15, 17, 18, 20}
Solução Ótima: {1, 2, 4, 5, 6, 7, 9, 10, 11, 12, 13, 14, 17}

Número de vértices = 20
4 5 6 7 10 11 15 18
3 4 5 10 11 12 13 17 18 19
2 4 5 8 9 10 11 18
1 2 3 8 13 15 16
1 2 3 7 8 14 15 18 19
1 7 8 9 11 13 18 19
1 5 6 8 10 11 16 17 19
3 4 5 6 7 9 10 12 13 17
3 6 8 10 11 12 15 19
1 2 3 7 8 9 11 15 20
1 2 3 6 7 9 10 12 14 17 19
2 8 9 11 15
2 4 6 8 14 15 16 19
5 11 13 17 18
1 4 5 9 10 12 13 16 17 18
4 7 13 15 17 18
2 7 8 11 14 15 16 19 20
1 2 3 5 6 14 15 16 20
2 5 6 7 9 11 13 17
10 17 18
Solução Gulosa: {1, 2, 3, 4, 5, 6, 7, 8, 9, 10, 11, 13, 15, 17, 18}
Solução Ótima: {2, 4, 5, 6, 7, 8, 9, 10, 11, 13, 15, 17, 18}

Número de vértices = 20
2 6 7 10 16 20
1 3 5 6 9 10 13 17
2 4 6 9 10 13 16 17 18
3 5 14 16
2 4 6 7 8 9 10 11 13 15 16 17 18
1 2 3 5 7 8 9 10 11 13 18 19
1 5 6 10 11 15 16 18 20
5 6 9 10 15 16 18 19 20
2 3 5 6 8 19 20
1 2 3 5 6 7 8 12 15 18 19 20
5 6 7 12 20
10 11 14 16 17 20
2 3 5 6 14 19 20
4 12 13 15
5 7 8 10 14 18 19 20
1 3 4 5 7 8 12 18 19 20
2 3 5 12 18
3 5 6 7 8 10 15 16 17
6 8 9 10 13 15 16 20
1 7 8 9 10 11 12 13 15 16 19
Solução Gulosa: {2, 3, 4, 5, 6, 7, 8, 9, 10, 12, 13, 15, 16, 17, 20}
Solução Ótima: {2, 3, 5, 6, 7, 8, 10, 12, 14, 16, 18, 19, 20}

========== Configuração: |V| = 20, |E| = 100 ==========
Distância média para o ótimo: 1.02778
Maior distância para o ótimo: 1.14286

Número de vértices = 20
3 6 9 10 11 13 14 16
4 5 7 9 11 12 14 18
1 5 7 13 18
2 5 6 8 10 11 12 13 15 16 17 18
2 3 4 6 8 9 15 16 17 19 20
1 4 5 7 8 9 11 12 14 17 18
2 3 6 11 13 14 16 19 20
4 5 6 9 10 11 14 15 16 17 20
1 2 5 6 8 10 12 14 17 18 19 20
1 4 8 9 11 13 14 15 16 18 19 20
1 2 4 6 7 8 10 12 14 15 17 18 20
2 4 6 9 11 14 15 16 17 18
1 3 4 7 10 14 15 16 19
1 2 6 7 8 9 10 11 12 13 15 16 20
4 5 8 10 11 12 13 14 17 19
1 4 5 7 8 10 12 13 14 17 18 19
4 5 6 8 9 11 12 15 16 19
2 3 4 6 9 10 11 12 16
5 7 9 10 13 15 16 17
5 7 8 9 10 11 14
Solução Gulosa: {2, 3, 4, 5, 6, 7, 8, 9, 10, 11, 12, 13, 14, 15, 16, 17}
Solução Ótima: {1, 4, 5, 7, 8, 9, 10, 11, 12, 13, 14, 17, 18, 19}

Número de vértices = 20
2 4 8 10 11 12 15 16 19
1 3 4 5 9 10 11 12 13 15 16 17 18 19 20
2 5 7 8 9 11 15 17 19
1 2 6 9 10 11 17 19 20
2 3 6 7 8 10 11 14 15 16 17 18 19 20
4 5 7 10 11 12 15 17
3 5 6 9 11 12 13 15 16 17 18 19 20
1 3 5 9 12 13 17
2 3 4 7 8 11 14 16 17 18
1 2 4 5 6 12 13 14 15 17
1 2 3 4 5 6 7 9 14 15 16 18 20
1 2 6 7 8 10 13 19
2 7 8 10 12 17 18 19
5 9 10 11 16 18 19
1 2 3 5 6 7 10 11 16 17
1 2 5 7 9 11 14 15 18 19
2 3 4 5 6 7 8 9 10 13 15 18 19 20
2 5 7 9 11 13 14 16 17
1 2 3 4 5 7 12 13 14 16 17
2 4 5 7 11 17
Solução Gulosa: {1, 2, 3, 4, 5, 6, 7, 8, 9, 10, 11, 13, 14, 16, 17, 19}
Solução Ótima: {2, 4, 5, 7, 8, 9, 10, 11, 12, 15, 16, 17, 18, 19}

Número de vértices = 20
2 4 5 7 8 9 11 14 16 17 18 20
1 5 7 10 11 12 13 14 17
7 8 9 11 12 13 14 18 19
1 5 6 7 8 11 12 13 14 15 16 20
1 2 4 6 7 10 13 19 20
4 5 8 10 12 13 16 17 18 19
1 2 3 4 5 8 11 12 14 16 17 18
1 3 4 6 7 14 15 16 17 19
1 3 10 13 17 18 19
2 5 6 9 11 13 16 17 18 19
1 2 3 4 7 10 12 13 16 17 18 19
2 3 4 6 7 11 13 14 17 19
2 3 4 5 6 9 10 11 12 14 15 20
1 2 3 4 7 8 12 13 17 19
4 8 13 19
1 4 6 7 8 10 11 17 18 19 20
1 2 6 7 8 9 10 11 12 14 16 18 19 20
1 3 6 7 9 10 11 16 17
3 5 6 8 9 10 11 12 14 15 16 17
1 4 5 13 16 17
Solução Gulosa: {1, 2, 3, 4, 5, 6, 7, 8, 9, 10, 11, 12, 13, 16, 17, 19}
Solução Ótima: {1, 2, 3, 4, 5, 7, 8, 10, 12, 13, 16, 17, 18, 19}

