2

7 16
192 91 170 123 137 224 236
34 15 15 34 31 10 33 31 35 38 44 11 24 38 34 31
99999 99999 7 8 99999 99999 8 2 8 99999 99999 99999 4 6 99999 6
99999 2 4 8 99999 99999 99999 99999 7 2 99999 99999 99999 99999 99999 99999
99999 99999 4 99999 99999 2 4 99999 99999 1 99999 10 6 1 1 99999
9 99999 4 1 99999 99999 10 5 99999 99999 10 3 99999 99999 5 8
99999 8 99999 99999 4 7 99999 99999 99999 2 4 8 99999 5 8 99999
5 5 99999 99999 3 1 99999 3 9 99999 99999 99999 99999 99999 99999 99999
9 99999 99999 99999 9 99999 9 99999 99999 99999 10 99999 7 99999 99999 5

7 16
92 139 269 237 248 193 154
31 18 29 17 41 18 34 18 24 23 35 43 22 44 24 39
99999 8 5 99999 6 2 8 99999 4 99999 99999 99999 99999 7 2 5
99999 99999 99999 99999 7 99999 5 99999 99999 99999 4 99999 99999 99999 99999 2
99999 9 7 5 99999 2 2 3 99999 3 99999 8 99999 99999 99999 99999
9 8 10 99999 99999 99999 99999 9 1 99999 1 9 6 99999 99999 3
99999 99999 99999 3 99999 99999 99999 2 6 1 3 99999 2 99999 99999 9
2 99999 99999 8 5 99999 99999 99999 99999 9 99999 9 8 9 6 99999
5 99999 99999 99999 99999 10 10 4 99999 2 7 99999 99999 2 6 99999