========== Configuração: |V| = 15, |E| = 30 ==========
Distância média para o ótimo: 1.03106
Maior distância para o ótimo: 1.25

Número de vértices = 15
4 6 14
3 7 12 13 15
2 4 5 6 13 14
1 3 7 10
3 8 10 12
1 3
2 4 8 9
5 7 13 14 15
7 11 12 13
4 5 13
9 13
2 5 9 14
2 3 8 9 10 11
1 3 8 12 15
2 8 14
Solução Gulosa: {1, 2, 3, 4, 8, 9, 10, 11, 12, 14}
Solução Ótima: {2, 4, 5, 6, 8, 9, 13, 14}

Número de vértices = 15
4 6 7 9
3 4 8 12
2 6 7 9 11 13
1 2 11 12
8 12 13
1 3 14
1 3 11 12 15
2 5 13 14 15
1 3 10 11
9 12
3 4 7 9
2 4 5 7 10 14
3 5 8 15
6 8 12
7 8 13
Solução Gulosa: {1, 2, 3, 6, 7, 8, 9, 11, 12, 13}
Solução Ótima: {3, 4, 6, 7, 8, 9, 12, 13}

Número de vértices = 15
5 9 11 15
5 7 9 11 13 14
4 5 6 7 14
3 8 12 15
1 2 3 6 9 10
3 5 12 13
2 3 8 9 11 13
4 7 10
1 2 5 7 14
5 8 12
1 2 7
4 6 10 14
2 6 7
2 3 9 12
1 4
Solução Gulosa: {1, 2, 3, 4, 5, 6, 7, 8, 9, 12}
Solução Ótima: {1, 2, 4, 5, 6, 7, 10, 14}

