========== Configuração: |V| = 15, |E| = 45 ==========
Distância média para o ótimo: 1.02756
Maior distância para o ótimo: 1.22222

Número de vértices = 15
4 7 13
4 6 8 13
4 8 11 12 13 15
1 2 3 6 11 12 14 15
7 9 10 11 15
2 4 7 10 13
1 5 6 9 10 11 12 14
2 3 9 10 11 14 15
5 7 8 11 12 15
5 6 7 8 12 15
3 4 5 7 8 9 12 13 15
3 4 7 9 10 11 14
1 2 3 6 11 15
4 7 8 12
3 4 5 8 9 10 11 13
Solução Gulosa: {2, 3, 4, 5, 7, 8, 9, 10, 11, 12, 13}
Solução Ótima: {4, 5, 6, 7, 8, 11, 12, 13, 15}

Número de vértices = 15
2 7 8 9 10
1 7 8 11 14
4 5 7 8 13 14
3 8 9 11 13 14 15
3 6 11 12 14
5 7 10 11 12 14
1 2 3 6 9 10 12 13
1 2 3 4 10 12
1 4 7 13 14 15
1 6 7 8 12
2 4 5 6
5 6 7 8 10 13 14 15
3 4 7 9 12 14 15
2 3 4 5 6 9 12 13
4 9 12 13
Solução Gulosa: {1, 2, 3, 4, 5, 6, 7, 8, 9, 12, 13, 14}
Solução Ótima: {1, 2, 3, 4, 5, 6, 9, 10, 12, 13}

Número de vértices = 15
3 4 5 8 10 12 13
4 9 10 11 14 15
1 4 5 6 7 12 14 15
1 2 3 8 9 10 14
1 3 7 11 14
3 7 9 10 12 15
3 5 6 9 13 14
1 4
2 4 6 7 10 13 14 15
1 2 4 6 9 12 13
2 5 14 15
1 3 6 10 13 15
1 7 9 10 12
2 3 4 5 7 9 11
2 3 6 9 11 12
Solução Gulosa: {1, 2, 3, 4, 5, 6, 7, 9, 10, 11, 12, 14}
Solução Ótima: {1, 3, 4, 7, 9, 10, 11, 12, 14, 15}

========== Configuração: |V| = 15, |E| = 57 ==========
Distância média para o ótimo: 1.02156
Maior distância para o ótimo: 1.2

Número de vértices = 15
2 5 6 8 10 12 14 15
1 3 4 5 10 11 12 13
2 6 8 10 14
2 5 6 9 12 15
1 2 4 7 8 12 13 15
1 3 4 8 9 12 13 14
5 9 10 11 14 15
1 3 5 6 11 12 13 15
4 6 7 10 11 12 13 14
1 2 3 7 9 12 14
2 7 8 9 12 13
1 2 4 5 6 8 9 10 11 13 14 15
2 5 6 8 9 11 12 14 15
1 3 6 7 9 10 12 13
1 4 5 7 8 12 13
Solução Gulosa: {1, 2, 3, 4, 5, 6, 7, 8, 9, 10, 12, 13}
Solução Ótima: {2, 5, 6, 8, 9, 10, 11, 12, 14, 15}

Número de vértices = 15
3 5 6 7 15
5 7 10 11 12 13 14
1 4 6 7 8 10 12 14 15
3 6 7 10 12 14
1 2 6 9 13 15
1 3 4 5 9 10 11 12 13 14 15
1 2 3 4 8 12 14 15
3 7 10 11 13 14 15
5 6 10 11 12 14
2 3 4 6 8 9 11 12 13
2 6 8 9 10 15
2 3 4 6 7 9 10 13 14 15
2 5 6 8 10 12 15
2 3 4 6 7 8 9 12
1 3 5 6 7 8 11 12 13
Solução Gulosa: {1, 2, 3, 4, 5, 6, 7, 8, 9, 10, 12, 15}
Solução Ótima: {3, 5, 6, 7, 10, 11, 12, 13, 14, 15}

Número de vértices = 15
3 5 6 8 9 10 12 13
3 4 7 8 9 13 14 15
1 2 5 6 7
2 5 7 8 9 10 14 15
1 3 4 9 10 11 12 13 15
1 3 8 10 12 13 14 15
2 3 4 10 12 13
1 2 4 6 9 11 12 13
1 2 4 5 8 10 12 15
1 4 5 6 7 9 11 12 13 14
5 8 10 14 15
1 5 6 7 8 9 10 14 15
1 2 5 6 7 8 10 14
2 4 6 10 11 12 13
2 4 5 6 9 11 12
Solução Gulosa: {1, 2, 4, 5, 6, 7, 8, 9, 10, 11, 12, 13}
Solução Ótima: {1, 2, 5, 6, 7, 8, 9, 10, 14, 15}

