========== Configuração: |V| = 15, |E| = 45 ==========
Distância média para o ótimo: 1.02627
Maior distância para o ótimo: 1.22222

Número de vértices = 15
2 4 6 10
1 3 4 7 8 9 13
2 4 5 7 10 11
1 2 3 9 11 12
3 7 9 10 11 12
1 7 9 11 14 15
2 3 5 6 10 11 13 15
2 10 11 14
2 4 5 6 10 11 14
1 3 5 7 8 9
3 4 5 6 7 8 9 12 13 14
4 5 11 13 14
2 7 11 12 14 15
6 8 9 11 12 13
6 7 13
Solução Gulosa: {1, 2, 3, 6, 7, 8, 9, 10, 11, 12, 13}
Solução Ótima: {2, 4, 5, 6, 7, 10, 11, 13, 14}

Número de vértices = 15
2 6 7 9 10 11 12
1 5 7 9 14 15
9 13 15
5 8 11
2 4 6 10 12 13 15
1 5 7 9 11 13 15
1 2 6 9 14
4 9 11 12 13 14
1 2 3 6 7 8 10 11 12 15
1 5 9 11 13 14 15
1 4 6 8 9 10
1 5 8 9 15
3 5 6 8 10 15
2 7 8 10
2 3 5 6 9 10 12 13
Solução Gulosa: {1, 2, 3, 4, 5, 6, 7, 8, 9, 10, 15}
Solução Ótima: {1, 5, 7, 8, 9, 11, 13, 14, 15}

Número de vértices = 15
3 4 5 7 8 10 13 14
3 7 9 13 15
1 2 7 9 12 14
1 6 7 8 9 11
1 7 11 12 13 14 15
4 7 8 9 13
1 2 3 4 5 6 9 12 15
1 4 6 12 13 14 15
2 3 4 6 7 10 11
1 9 11 13 15
4 5 9 10 15
3 5 7 8 14
1 2 5 6 8 10
1 3 5 8 12
2 5 7 8 10 11
Solução Gulosa: {1, 2, 3, 4, 5, 6, 7, 8, 9, 10, 11, 12}
Solução Ótima: {3, 4, 5, 7, 8, 9, 10, 13, 14, 15}

